1 0.09116809116809117 0.6495726495726496 0.1339031339031339 0.6410256410256411
2 0.09401709401709402 0.6410256410256411 0.10256410256410256 0.6410256410256411
3 0.1111111111111111 0.6467236467236467 0.150997150997151 0.6467236467236467
4 0.09686609686609686 0.6410256410256411 0.1339031339031339 0.6410256410256411
5 0.11396011396011396 0.6438746438746439 0.15384615384615385 0.6410256410256411
6 0.10541310541310542 0.6438746438746439 0.14245014245014245 0.6410256410256411
7 0.1168091168091168 0.6467236467236467 0.16809116809116809 0.6410256410256411
8 0.10826210826210826 0.6438746438746439 0.15669515669515668 0.6410256410256411
9 0.11965811965811966 0.6438746438746439 0.16809116809116809 0.6410256410256411
10 0.1168091168091168 0.6438746438746439 0.15954415954415954 0.6410256410256411
